Mcart = 0.6Kg
Mperd = 0.55Kg
L = 0.11m
Ipend = 0.0067Kgm^2
A=[0,1,0,0;0,0,3.083,0;0,0,0,1;0,0,58,0]
B=[0;1.12;0;5.042]
Q=[1,0,0,0;0,1,0,0;0,0,800,0;0,0,0,100]
R=100
K={-2.4495,-3.0804,30.4664,4.1310}
Kd={0.0000,-0.0000,11.49913,-0.0000}
knew={ -0.100000   -0.528836   24.718145    3.403287 }